  0.986318979738834     
  0.989346319006321     
  0.990095487220101     
  0.965265322790314     
  0.854011602207934     
  0.971599668645735     
  0.975800281333573     
  0.999999999976489     
  0.992471359079841     
  0.993634350956997     
  0.943172482198352     
  0.875713973417785     
  0.974892628947185     
  0.940427020650815     
  0.983237352817752     
  0.979305695466775     
  0.994675721698256     
  0.950098182437466     
  0.931437781392019     
  0.974155693056988     
  0.932807584521647     
  0.953400742343091     
  0.984875077726402     
  0.979945517963501     
  0.991010755056327     
  0.888869637963918     
  0.970503552709782     
  0.875350394331573     
  0.887377138437981     
  0.823754072751230     
  0.909610801869602     
  0.963674180549717     
  0.968289731608008     
  0.966479011497467     
  0.983715950851586     
  0.940003011890761     
  0.936943873436721     
  0.916818990252565     
  0.981792526507918     
  0.911615859342887     
  0.897658426262597     
  0.922137925331971     
  0.935349214725558     
  0.912999215934952     
  0.980098710366266     
  0.999999999976489     
  0.835455453104119     
  0.883398595662563     
  0.947578305668712     
  0.813506224875435     
  0.956185260114276     
  0.979571624720061     
  0.982812840144166     
  0.961858194296509     
  0.964786180847210     
  0.908450147816523     
  0.999999999976489     
  0.864221533108625     
  0.998732167585314     
  0.982186123702836     
  0.899422741000514     
  0.952057407423443     
  0.871972263445819     
  0.983107122282440     
  0.907025113674247     
  0.985247386705264     
  0.986808436025028     
  0.727829486913003     
  0.877467530847358     
  0.950508952621894     
  0.938301886871632     
  0.967444473050756     
  0.980086478515904     
  0.941124298495346     
  0.975409677774578     
  0.698828573330638     
  0.725546770604008     
  0.672424564240525     
  0.983634965837934     
  0.977929635923812     
  0.775183178699810     
  0.708043163417171     
  0.857568649449959     
  0.962580780741046     
  0.952532442127750     
  0.973305001025770     
  0.960062341948900     
  0.985066434613960     
  0.984843277829769     
  0.894619541164249     
  0.844045077229746     
  0.950116814894364     
  0.650057206010626     
  0.889169908321777     
  0.976374926874683     
  0.962883911568545     
  0.909278142150454     
  0.838508054797054     
  0.719888022477642     
  0.808381051292890     
  0.916619602076401     
  0.817846738589389     
  0.820002562443335     
  0.947806564233443     
  0.860708624367281     
  0.735979437816273     
  0.795056843545856     
  0.813428958382896     
  0.858343983294175     
  0.796183815297825     
  0.879412962929094     
  0.769373111497414     
  0.766311899108280     
  0.753554051292272     
  0.725311866558103     
  0.737766728959706     
  0.789551699039092     
  0.837517862082904     
  0.829353941670744     
  0.823859284262126     
  0.656324722979039     
  0.879402459885634     
  0.927683463908133     
  0.778724844830906     
  0.758667139268867     
  0.972664359809224     
  0.892665940673830     
  0.937432104778959     
  0.885092712657017     
  0.804394007999248     
  0.918076456357449     
  0.783352425909929     
  0.847778746757270     
  0.862185216743151     
  0.807081712003709     
  0.885816723539639     
  0.881369710663812     
  0.884238728604667     
  0.894380493808039     
  0.884642659636300     
  0.864807601546804     
  0.787932823621724     
  0.858676826697289     
  0.948383504088865     
  0.835846378126864     
  0.908684160444759     
  0.726572380672542     
  0.878523293111455     
  0.852640944969304     
  0.788588830717499     
  0.783893474379589     
  0.781654455624983     
  0.876711854209364     
  0.725228973071975     
  0.763711454480925     
  0.835961139210806     
  0.819593148897522     
  0.648157591245553     
  0.672371773636411     
  0.671334954633631     
  0.676461642147095     
  0.671782253942610     
  0.682652808308110     
  0.685898032892332     
  0.708579371075395     
  0.862073004608763     
  0.813305298190243     
  0.927482591540144     
  0.726953417199792     
  0.709947843895323     
  0.913163880772529     
  0.916767060137852     
  0.740229719681059     
  0.701025111196507     
  0.693254892367752     
  0.685316273742417     
  0.588937719701147     
  0.692705290558421     
  0.759861090341854     
  0.934346318546833     
  0.975346528513242     
  0.972041341050899     
  0.735859466190473     
  0.587412856700668     
  0.746343641793393     
  0.760368117390841     
  0.684112743862937     
  0.631913728448678     
  0.613099694283202     
  0.738631394985500     
  0.701590573164761     
  0.770080720247392     
  0.827329995107382     
  0.757610688276447     
  0.667754243573128     
  0.754035379896253     
  0.685851670811601     
  0.713463322219176     
  0.723247143503423     
  0.881366500413074     
  0.736925256748646     
  0.718329597057083     
  0.740355756284246     
  0.594211462128232     
  0.721578536892595     
  0.682110823766573     
  0.755755097279685     
  0.690218711298412     
  0.918477619982289     
  0.621177073714501     
  0.678042103510016     
  0.688580702157154     
  0.754920021075887     
  0.804684663225874     
  0.586594116110295     
  0.780059968404613     
  0.708045138762900     
  0.672507746355957     
  0.737773755693542     
  0.718817046493118     
  0.568629541258593     
  0.828897027965825     
  0.663187544904547     
  0.675290286866960     
  0.634155914164291     
  0.873106964476274     
  0.881035205817525     
  0.926032784678610     
  0.947004517560445     
  0.765204544558405     
  0.692180650508884     
  0.727942189020021     
  0.704236271532256     
  0.695530367685413     
  0.807220775241006     
  0.764325616947486     
  0.570381998589722     
  0.682741737111002     
  0.687840310376940     
  0.647678960734047     
  0.645359535667635     
  0.682901349337078     
  0.831028694991031     
  0.841361936507699     
  0.589092617812406     
  0.663381044929621     
  0.600921086316107     
  0.553350152687016     
  0.628587439816850     
  0.709895615561765     
  0.689715186362380     
  0.833645704149565     
  0.729702300354246     
  0.565386411887426     
  0.525909299406333     
  0.561183539873915     
  0.459276900206223     
  0.620176917035783     
  0.607332807305949     
  0.678199809369716     
  0.546270605376034     
  0.468694291872090     
  0.557434705519014     
  0.645583326810721     
  0.656493620295689     
  0.626699653519954     
  0.700454488668450     
  0.465470148197772     
  0.462957298422713     
  0.569815573576888     
  0.583803779622081     
  0.668721347021923     
  0.666356546489546     
  0.574459229517842     
  0.542881907740243     
  0.633610546378308     
  0.565816564731495     
  0.638381840665167     
  0.533903244898060     
  0.585912309990759     
  0.581500941065376     
  0.619170768539100     
  0.575735330868166     
  0.640595313767028     
  0.660201929394094     
  0.658613852658009     
  0.516363319954581     
  0.659613058513047     
  0.660879797701046     
  0.673536781458689     
  0.656820687215971     
  0.666603122947231     
  0.727703333821031     
  0.613914437100336     
  0.558288826497271     
  0.475463504129163     
  0.701017449467529     
  0.315498650998757     
  0.647755486177938     
  0.512941683664489     
  0.524124038449753     
  0.586855512820052     
  0.598009767347782     
  0.670802455077774     
  0.643681384927548     
  0.661575406264169     
  0.704588041106833     
  0.482769565864050     
  0.731464453342005     
  0.551893161418556     
  0.667692626147218     
  0.645413875776281     
  0.771302250488174     
  0.780470256692208     
  0.942305065574793     
  0.699446378379342     
  0.712690108401708     
  0.517412620345673     
  0.616964794720424     
  0.614725569099234     
  0.614501730217308     
  0.573326183727198     
  0.670627190115128     
  0.564656068348310     
  0.553817002918935     
  0.539834569896258     
  0.547347428018223     
  0.536478315926826     
  0.382857424164152     
  0.366363216044808     
  0.417894379279255     
  0.538236364022053     
  0.538173581805804     
  0.560366536030799     
  0.492110267596676     
  0.430965006792551     
  0.231475739988875     
  0.553343357643373     
  0.366483152942048     
  0.424033634629844     
  0.450489510055629     
  0.471308495452825     
  0.415864576676740     
  0.459844056242207     
  0.565937136954440     
  0.588644923232283     
  0.465523559067424     
  0.471701914517410     
  0.503937725948887     
  0.431235235124620     
  0.535965850217627     
  0.521320227362423     
  0.511328566382214     
  0.530082224404953     
  0.586227995269522     
  0.521282076884844     
  0.524480258307900     
  0.520250431630452     
  0.530532114088546     
  0.473433841061586     
  0.457830464762402     
  0.557067172938539     
  0.482277056473723     
  0.429246104814688     
  0.389112978122353     
  0.203980016339582     
  0.662255815532364     
  0.271042407105157     
  0.615949420523906     
  0.433773169968874     
  0.401068967141498     
  0.507894699380999     
  0.526713194684734     
  0.729204989695850     
  0.556371847704130     
  0.503354285391809     
  0.338765554912345     
  0.626059722911552     
  0.428529929196299     
  0.447290201168596     
  0.532083574637478     
  0.560615945177865     
  0.548865104387323     
  0.573238863569588     
  0.582759054011824     
  0.390709218965564     
  0.392024533226506     
  0.432734576192507     
  0.420472238122612     
  0.401131867323979     
  0.469981705253394     
  0.563337532604794     
  0.513564627635574     
  0.169376522303623     
  0.546468442087133     
  0.428479741702622     
  0.511494038712750     
  0.558585495688012     
  0.318159348331424     
  0.485375781837146     
  0.437927718262921     
  0.483606282993702     
  0.341336043370511     
  0.334862062503629     
  0.341569237488652     
  0.224378698940525     
  0.353773919981427     
  0.342388554029780     
  0.356466151740626     
  0.282572851245842     
  0.333878407900129     
  0.376995160884950     
  0.270792293924925     
  0.411986151049694     
  0.446300398127904     
  0.520135483495764     
  0.533166643865026     
  0.543739220349941     
  0.482783744302241     
  0.529354413021719     
  0.455789674749550     
  0.198977244076222     
  0.328496191761363     
  0.432587726443161     
  0.393012844481572     
  0.526721650888032     
  0.403956352161809     
  0.401472441209236     
  0.395827396176388     
  0.407018489956061     
  0.428674004987594     
  0.448576506126387     
  0.474345008378113     
  0.477751238704745     
  0.504389913341352     
  0.409471475657011     
  0.401814509990830     
  0.182829438287107     
  0.153133595159364     
  0.224756930011428     
  0.143860751839768     
  0.356398093766779     
  0.298533632829387     
  0.441236257734669     
  0.473663672414841     
  0.474417709766445     
  0.483898042204424     
  0.520618314897813     
  0.219792974059156     
  0.378114965395841     
  0.190183246293242     
  0.152888242399123     
  0.331862067643142     
  0.369370077907849     
  0.194228104513626     
  0.519450097236143     
  0.483759959228907     
  0.191636560631171     
  0.146133318078826     
  7.317594790714883E-002
  0.280439737510992     
  0.264293512808500     
  0.294483360877540     
  0.201112868845689     
  0.159134636096487     
  0.551197362221572     
  0.542317312918307     
  0.521191558418511     
  0.418871141574344     
  0.676262441701816     
  0.659696363335849     
  0.399697539233294     
  0.394338331726278     
  0.239609613968899     
  0.163434312057849     
  8.683264955115289E-002
  8.811709518146724E-002
  8.425521924271120E-002
  0.107819747696021     
  0.318727473880917     
  0.185960530982362     
  0.274884514615512     
  0.197257335937057     
  0.190197350637893     
  0.133450903658810     
  0.447525161837657     
  0.442133314556777     
  0.468777963577580     
  0.212914864491690     
  0.281316923581564     
  0.118880644268404     
  0.132984141698274     
  0.198996663856851     
  9.298354278721632E-002
  0.485490944569044     
  0.278883715645866     
  0.267779682929282     
  0.219815942274393     
  0.149105202792036     
  0.344793348871058     
  0.289146081075462     
  0.301240204970380     
  0.283301740130049     
  0.150869958592621     
  0.357760373544826     
  0.418596967966479     
  0.443725655267997     
  0.406102557141765     
  0.127208392376151     
  5.102774224489440E-002
  0.274416027599809     
  0.206928332119126     
  0.176774930769675     
  0.124138840029106     
  0.192623002072092     
  0.178195130870998     
  0.206148514329458     
  0.410230485378323     
  0.476988842481526     
  0.515684693246864     
  0.181771719513572     
  0.154666503872371     
  0.174107423501093     
  0.104100914015389     
  0.358225064234046     
  0.492128543365425     
  0.534945928590836     
  0.546489066184210     
  0.191636560781463     
  0.191636560552008     
  8.316701221829875E-002
  0.123221307509910     
  0.157047523627072     
  7.022902235650169E-002
  0.383437686805984     
  0.527616650062025     
  0.539758248390163     
  6.595711325667801E-002
  0.100101896501973     
  6.075061703331390E-002
  8.294171386728443E-002
  7.073205060520263E-002
  3.338261625098338E-002
  4.836164150607907E-002
  6.236954178322338E-002
  3.316330968615418E-002
  0.122978435400383     
  0.129146891191126     
  0.103731785878793     
  0.159897383785967     
  0.162903897471747     
  6.478046766510860E-002
  7.707207158103788E-002
  5.578175247893106E-002
  6.195941797180403E-002
  5.723533411758837E-002
  8.273915215450489E-002
  3.972648959909729E-002
  3.939649329022619E-002
  7.075915157420624E-002
  5.382504935996735E-002
  8.201531830599169E-002
  0.114934108814231     
  5.451108296879293E-002
  7.826015671034922E-002
  0.148833181907891     
  4.397695684188585E-002
  8.795278048643461E-002
  0.128344117516592     
  8.395754999559819E-002
  4.645979984795191E-002
  0.182247829550888     
  0.161304490548751     
  1.061055307378407E-002
  7.407329058303604E-002
  0.104699116781261     
  4.641122382883805E-002
  7.289051856933983E-002
  9.356065054835967E-002
  0.112050667152620     
  6.731793121971290E-002
  0.108338623925283     
  9.354389431081998E-002
  9.412518503536521E-002
  2.004843268172490E-002
  0.108298391994080     
  0.122298113077582     
  8.084522484378853E-002
  9.759448198304835E-002
  0.278695995938091     
  9.728847074911448E-002
  5.612208655617189E-002
  0.132159130347388     
  8.451887674290420E-002
  0.191381139493628     
  2.389807930077310E-002
  4.558043204886451E-002
  3.338244974718902E-002
  0.251600800364817     
  1.372440722885808E-002
  6.032695229451776E-003
  2.755902478398613E-002
  2.541856342268889E-002
  2.264172714525549E-002
  2.290459716434166E-002
  8.428393140559973E-002
  9.210231205191712E-002
  3.326018995146079E-002
  6.561481655180564E-003
  1.864044574460842E-002
  1.137789669385331E-002
  8.323383962584210E-003
  1.399196572227417E-003
  3.351604628217435E-002
  2.983349717866757E-002
  3.553502160175250E-002
  8.250671129920115E-002
  5.266923065779813E-002
  5.671170252944623E-002
  6.252103322748859E-002
  1.738446401780413E-002
  5.244000158625732E-002
  9.594687822923824E-003
  9.333610234608256E-003
  4.862685325715082E-003
  4.582904499830032E-002
  6.362027722016451E-002
  6.865165283439842E-002
  6.435183920670713E-002
  9.540482237715635E-003
  5.810741548206858E-003
  7.023450303786296E-003
  6.503111683132669E-003
  7.349888780302253E-003
  0.529237774993637     
  3.858394104577094E-003
  1.288326929993384E-003
  2.207474055220758E-002
  3.024334944632762E-002
  4.996616429178654E-002
  2.894279043423302E-002
  4.934600292874605E-003
  7.920710297437634E-002
  3.677621872828330E-002
  5.986621002949018E-002
  5.386757998195679E-002
  1.486429669025028E-002
  3.217032655154648E-002
  1.244939394386723E-002
  1.962635588634992E-002
  1.206847276633212E-002
  7.662092313256960E-002
  0.120495109218867     
  0.110039613342194     
  0.155669848426754     
  9.773059657928539E-002
  9.421804481719051E-002
  3.121119934803528E-002
  7.305215564659107E-002
  2.325755015487371E-003
  3.212927725524747E-002
  1.380042128999461E-002
  6.740417782518002E-002
  6.732216701671713E-002
  3.269520640673322E-002
  8.342086663031285E-003
  1.672882353331272E-002
  7.416180617421477E-004
  1.511468510717293E-003
  0.000000000000000E+000
  0.000000000000000E+000
  0.000000000000000E+000
